0
0
1
2
2
2
2
2
3
5
6
6
8
8
8
9
10
10
11
12
16
17
17
18
19
19
19
20
21
21
21
21
23
25
26
27
29
29
30
30
32
33
33
34
35
36
36
37
37
38
39
41
42
42
42
42
43
43
43
45
46
46
49
49
50
50
50
51
52
53
53
54
55
55
55
57
57
57
57
57
58
59
59
59
60
62
62
63
63
64
66
67
69
69
69
69
71
71
72
72
72
72
74
74
75
77
78
81
81
84
86
86
88
88
88
89
89
90
91
91
95
95
96
97
97
98
99
101
101
107
107
107
107
107
107
109
109
110
111
113
114
114
116
118
120
120
121
123
123
124
124
124
124
124
125
125
125
126
126
127
128
129
130
130
130
133
133
134
135
135
137
138
139
139
140
141
142
142
143
144
146
146
146
147
149
150
150
151
151
153
154
154
154
155
156
157
157
157
158
158
160
160
161
162
165
166
168
170
171
171
171
172
173
173
174
174
174
175
176
179
179
181
183
184
185
186
186
189
190
190
190
191
193
193
193
196
197
197
198
199
199
200
202
203
205
205
205
206
209
209
211
211
212
212
213
214
215
216
216
217
218
218
219
220
220
220
221
223
223
226
226
227
227
228
228
228
228
229
229
229
230
231
231
232
232
233
234
234
236
236
238
238
242
247
247
248
249
249
250
250
253
253
254
255
255
256
256
257
257
258
258
259
259
259
260
260
260
262
263
263
263
263
264
267
269
270
271
271
274
275
276
277
277
277
279
279
280
281
282
283
285
286
286
287
287
289
289
289
291
291
292
294
295
295
296
296
297
299
301
302
303
303
304
304
306
306
306
307
308
309
309
310
310
311
313
313
315
316
316
316
317
317
319
319
319
320
320
320
322
323
323
323
324
324
325
325
326
327
328
328
328
329
331
332
333
334
335
335
336
336
336
337
337
337
338
339
340
340
341
342
342
342
343
343
344
346
346
346
347
348
349
350
350
351
353
353
353
354
355
358
358
360
360
360
360
361
362
362
364
364
365
366
367
368
368
368
370
370
370
375
375
375
376
377
377
377
377
378
378
378
379
379
379
379
381
382
384
385
386
386
386
386
387
387
388
389
390
390
391
392
393
397
397
397
398
399
399
400
403
403
404
404
406
408
408
408
409
410
410
411
412
412
412
414
414
417
417
418
418
418
420
421
421
422
422
423
423
424
428
428
428
429
429
429
431
431
432
433
433
433
433
434
435
435
437
437
439
439
441
443
443
443
443
443
444
444
444
445
446
446
446
446
447
447
448
448
451
451
451
454
456
456
457
457
457
458
458
458
459
461
461
463
464
465
465
465
466
466
466
467
467
469
469
470
471
472
476
478
481
482
483
484
485
485
485
486
487
488
490
490
490
491
492
492
492
492
492
493
493
495
495
496
496
497
498
499
499
499
499
500
500
501
503
504
504
505
505
506
506
506
506
507
507
508
509
510
511
512
512
512
513
515
515
516
517
518
519
520
520
522
522
523
525
525
525
526
526
528
528
528
528
529
529
530
533
534
534
535
535
538
538
538
538
538
538
539
540
540
540
541
541
542
545
545
545
546
547
548
550
551
551
552
552
553
554
554
554
555
555
556
557
557
558
559
560
563
563
563
565
566
567
567
567
568
569
569
569
570
570
570
572
573
573
576
577
579
579
580
582
583
584
584
585
586
587
589
589
589
591
591
591
591
591
592
593
594
595
596
596
600
601
603
604
605
605
605
606
610
610
611
613
613
614
616
617
617
618
618
619
620
620
620
620
621
621
622
624
625
626
626
626
627
628
628
629
630
630
631
631
632
633
633
635
635
636
637
638
639
640
642
643
647
651
651
652
652
653
653
653
653
656
658
659
660
660
660
661
663
665
666
669
669
669
669
671
672
673
674
674
674
675
676
676
677
679
679
680
680
680
681
681
682
683
683
683
684
685
685
686
687
688
688
689
690
690
690
691
692
693
693
694
695
695
696
697
697
698
699
699
699
701
704
704
705
707
707
708
708
708
708
709
710
710
711
711
712
713
715
715
716
717
718
718
719
721
721
723
724
724
725
725
726
726
726
728
728
729
729
729
730
732
732
733
734
735
736
736
736
736
736
737
737
738
738
738
738
739
742
742
743
743
743
744
744
745
746
746
750
751
751
751
752
752
752
753
754
754
754
754
755
755
756
756
757
759
759
759
759
760
760
761
761
762
763
763
764
765
766
766
766
766
766
768
769
769
769
770
770
770
770
773
774
775
775
776
777
777
779
779
779
780
780
780
780
780
784
786
786
789
790
793
793
793
794
794
795
795
796
797
800
801
801
802
802
802
802
803
804
805
805
807
809
811
811
812
813
814
815
815
816
817
818
819
820
820
822
825
825
825
826
827
828
828
830
831
831
832
833
833
834
834
834
836
847
847
849
850
850
850
851
851
851
851
852
853
854
854
857
859
859
859
860
861
861
861
863
863
868
868
870
870
872
873
873
873
873
875
876
877
877
878
880
880
880
881
882
882
883
883
883
884
886
886
886
887
887
888
888
889
892
893
893
893
894
894
896
897
897
898
899
899
899
900
900
901
901
902
902
902
902
902
904
904
904
905
906
906
908
908
910
911
911
912
913
914
915
916
916
917
917
918
919
919
919
920
924
924
924
924
925
925
926
929
930
930
930
931
931
934
934
935
936
936
937
937
938
938
938
939
942
944
944
944
945
945
945
946
946
946
946
946
947
947
947
948
948
949
949
949
949
949
949
949
950
950
950
952
952
954
954
955
956
956
956
956
958
958
958
958
959
959
960
960
960
960
960
961
962
963
964
964
966
966
967
969
969
969
970
970
972
972
972
973
974
974
975
975
976
976
977
980
981
982
983
984
985
986
986
987
987
988
988
988
989
990
991
993
994
994
994
995
996
996
997
998
999
999
