0   0.000000
1   -0.333333
2   0.400000
3   -0.428571
4   0.444444
5   -0.454545
6   0.461538
7   -0.466667
8   0.470588
9   -0.473684
10   0.476190
11   -0.478261
12   0.480000
13   -0.481481
14   0.482759
15   -0.483871
16   0.484848
17   -0.485714
18   0.486486
19   -0.487179
20   0.487805
21   -0.488372
22   0.488889
23   -0.489362
24   0.489796
25   -0.490196
26   0.490566
27   -0.490909
28   0.491228
29   -0.491525
30   0.491803
31   -0.492063
32   0.492308
33   -0.492537
34   0.492754
35   -0.492958
36   0.493151
37   -0.493333
38   0.493506
39   -0.493671
40   0.493827
41   -0.493976
42   0.494118
43   -0.494253
44   0.494382
45   -0.494505
46   0.494624
47   -0.494737
48   0.494845
49   -0.494949
50   0.495050
51   -0.495146
52   0.495238
53   -0.495327
54   0.495413
55   -0.495495
56   0.495575
57   -0.495652
58   0.495726
59   -0.495798
60   0.495868
61   -0.495935
62   0.496000
63   -0.496063
64   0.496124
65   -0.496183
66   0.496241
67   -0.496296
68   0.496350
69   -0.496403
70   0.496454
71   -0.496503
72   0.496552
73   -0.496599
74   0.496644
75   -0.496689
76   0.496732
77   -0.496774
78   0.496815
79   -0.496855
80   0.496894
81   -0.496933
82   0.496970
83   -0.497006
84   0.497041
85   -0.497076
86   0.497110
87   -0.497143
88   0.497175
89   -0.497207
90   0.497238
91   -0.497268
92   0.497297
93   -0.497326
94   0.497354
95   -0.497382
96   0.497409
97   -0.497436
98   0.497462
99   -0.497487
